5
52
0
61
50
20
80
35
72
42
19
11
7
6
98
43
69
63
56
65
21
19
6
13
32
3
57
94
73
99
63
84
18
87
77
49
49
3
59
81
49
9
74
29
85
8
54
25
11
52
91
2
87
1
30
56
95
13
66
99
71
99
30
1
82
2
59
48
87
44
45
14
50
60
82
35
55
50
64
62
94
90
28
36
90
66
33
86
12
30
66
3
95
59
80
3
61
72
68
54
46
15
75
25
67
64
19
35
72
22
28
40
87
35
27
11
4
26
37
93
17
78
11
72
90
36
66
76
19
29
31
24
45
33
11
86
91
47
72
81
41
81
67
99
40
94
38
71
34
71
28
49
37
96
21
31
43
42
24
84
80
18
3
63
95
31
61
66
72
89
28
24
71
50
14
30
95
42
98
98
69
16
27
6
88
47
92
52
94
55
48
55
64
70
23
75
1
27
94
13
