0
1
1
2
2
3
3
3
3
5
6
6
7
8
9
11
11
12
13
13
14
18
19
19
20
21
25
28
29
30
30
30
32
33
35
35
36
42
43
44
45
48
49
49
49
50
50
50
52
52
54
55
56
56
57
59
59
59
60
61
61
62
63
63
64
65
66
66
66
68
69
71
72
72
73
74
77
80
80
81
82
82
84
85
86
87
87
87
90
90
91
94
94
95
95
98
99
99
99
54
0
1
1
2
2
3
3
3
3
5
6
6
7
8
9
11
11
12
13
13
14
18
19
19
20
21
25
28
29
30
30
30
32
33
35
35
36
42
43
44
45
48
49
49
49
50
50
50
52
52
54
55
56
56
57
59
59
59
60
61
61
62
63
63
64
65
66
66
66
68
69
71
72
72
73
74
77
80
80
81
82
82
84
85
86
87
87
87
90
90
91
94
94
95
95
98
99
99
99
54
